name: bracken
channels:
  - conda-forge
  - bioconda
  - defaults
  - ursky
dependencies:
  - _libgcc_mutex=0.1=conda_forge
  - _openmp_mutex=4.5=2_gnu
  - blast=2.13.0=hf3cf87c_0
  - bracken=2.7=py310h30d9df9_0
  - bzip2=1.0.8=h7f98852_4
  - c-ares=1.18.1=h7f98852_0
  - ca-certificates=2022.9.24=ha878542_0
  - curl=7.83.1=h2283fc2_0
  - entrez-direct=16.2=he881be0_1
  - gettext=0.19.8.1=h27087fc_1009
  - keyutils=1.6.1=h166bdaf_0
  - kraken2=2.1.2=pl5321h9f5acd7_2
  - krb5=1.19.3=h08a2579_0
  - ld_impl_linux-64=2.36.1=hea4e1c9_2
  - libcurl=7.83.1=h2283fc2_0
  - libedit=3.1.20191231=he28a2e2_2
  - libev=4.33=h516909a_1
  - libffi=3.4.2=h7f98852_5
  - libgcc-ng=12.1.0=h8d9b700_16
  - libgomp=12.1.0=h8d9b700_16
  - libiconv=1.17=h166bdaf_0
  - libidn2=2.3.3=h166bdaf_0
  - libnghttp2=1.47.0=hff17c54_1
  - libnsl=2.0.0=h7f98852_0
  - libsqlite=3.39.3=h753d276_0
  - libssh2=1.10.0=hf14f497_3
  - libstdcxx-ng=12.1.0=ha89aaad_16
  - libunistring=0.9.10=h7f98852_0
  - libuuid=2.32.1=h7f98852_1000
  - libzlib=1.2.12=h166bdaf_3
  - lz4-c=1.9.3=h9c3ff4c_1
  - ncurses=6.3=h27087fc_1
  - openssl=3.0.5=h166bdaf_2
  - pcre=8.45=h9c3ff4c_0
  - perl=5.32.1=2_h7f98852_perl5
  - perl-archive-tar=2.40=pl5321hdfd78af_0
  - perl-carp=1.50=pl5321hd8ed1ab_0
  - perl-common-sense=3.75=pl5321hd8ed1ab_0
  - perl-compress-raw-bzip2=2.201=pl5321h166bdaf_0
  - perl-compress-raw-zlib=2.202=pl5321h166bdaf_0
  - perl-encode=3.19=pl5321hec16e2b_1
  - perl-exporter=5.74=pl5321hd8ed1ab_0
  - perl-exporter-tiny=1.002002=pl5321hd8ed1ab_0
  - perl-extutils-makemaker=7.64=pl5321hd8ed1ab_0
  - perl-io-compress=2.201=pl5321h87f3376_0
  - perl-io-zlib=1.11=pl5321hdfd78af_0
  - perl-json=4.09=pl5321hdfd78af_0
  - perl-json-xs=2.34=pl5321h9f5acd7_5
  - perl-list-moreutils=0.430=pl5321hdfd78af_0
  - perl-list-moreutils-xs=0.430=pl5321hec16e2b_1
  - perl-parent=0.238=pl5321hd8ed1ab_0
  - perl-pathtools=3.75=pl5321h166bdaf_0
  - perl-scalar-list-utils=1.63=pl5321h166bdaf_0
  - perl-types-serialiser=1.01=pl5321hdfd78af_0
  - pip=22.2.2=pyhd8ed1ab_0
  - popt=1.16=h0b475e3_2002
  - python=3.10.6=ha86cf86_0_cpython
  - python_abi=3.10=2_cp310
  - readline=8.1.2=h0f457ee_0
  - rsync=3.2.3=h36cecd6_4
  - setuptools=65.3.0=pyhd8ed1ab_1
  - tar=1.34=ha1f6473_0
  - tk=8.6.12=h27826a3_0
  - tzdata=2022c=h191b570_0
  - wget=1.20.3=ha35d2d1_1
  - wheel=0.37.1=pyhd8ed1ab_0
  - xxhash=0.8.0=h7f98852_3
  - xz=5.2.6=h166bdaf_0
  - zlib=1.2.12=h166bdaf_3
  - zstd=1.5.2=h6239696_4
